t_s,mem_mib,gpu_util,mem_util,power_w,sm_mhz
1790396943.835,4,0,0,28,135
1790396943.935,4,0,0,28,135
1790396944.035,16,0,0,28,135
1790396944.227,28,0,0,36,1230
1790396944.327,312,3,0,41,1230
1790396944.427,312,3,0,41,1230
1790396944.528,1780,0,0,41,1230
1790396944.628,1780,0,0,41,1230
1790396944.728,1780,1,0,41,1230
1790396944.828,1780,1,0,41,1230
1790396944.928,1780,1,0,41,1230
1790396945.028,1780,1,0,41,1230
1790396945.128,1780,1,0,41,1230
1790396945.228,1780,1,0,41,1230
1790396945.328,1780,1,0,41,1230
1790396945.428,1780,1,0,41,1230
1790396945.529,1780,1,0,41,1230
1790396945.629,1780,1,0,41,1230
1790396945.729,1780,1,0,41,1230
1790396945.829,1780,1,0,41,1230
1790396945.929,1780,1,0,41,1230
1790396946.029,1780,1,0,41,1230
1790396946.129,1780,1,0,41,1230
1790396946.229,1780,1,0,41,1230
1790396946.329,1780,1,0,41,1230
1790396946.429,1780,1,0,41,1230
1790396946.530,1780,1,0,41,1230
1790396946.630,1780,1,0,41,1230
1790396946.730,1780,1,0,41,1230
1790396946.830,1780,1,0,41,1230
1790396946.930,1780,1,0,41,1230
1790396947.030,1780,1,0,41,1230
1790396947.130,1780,1,0,41,1230
1790396947.230,1780,1,0,41,1230
1790396947.330,1780,1,0,41,1230
1790396947.430,1780,1,0,41,1230
1790396947.531,1780,1,0,41,1230
1790396947.631,1780,1,0,41,1230
1790396947.731,1780,1,0,41,1230
1790396947.831,1780,1,0,41,1230
1790396947.931,1780,1,0,41,1230
1790396948.031,1780,1,0,41,1230
1790396948.131,1780,1,0,41,1230
1790396948.231,1780,1,0,41,1230
1790396948.331,1780,1,0,41,1230
1790396948.431,1780,1,0,41,1230
1790396948.532,1780,0,0,41,1230
1790396948.632,1780,0,0,41,1230
1790396948.732,1780,1,0,41,1230
1790396948.832,1780,1,0,41,1230
1790396948.932,1780,1,0,41,1230
1790396949.032,1780,1,0,41,1230
1790396949.132,1780,1,0,41,1230
1790396949.232,1780,1,0,41,1230
1790396949.332,1780,1,0,41,1230
1790396949.432,1780,1,0,41,1230
1790396949.533,1780,1,0,41,1230
1790396949.633,1780,1,0,41,1230
1790396949.733,1780,1,0,41,1230
1790396949.833,1780,1,0,41,1230
1790396949.933,1780,1,0,41,1230
1790396950.033,1780,1,0,41,1230
1790396950.133,1780,1,0,41,1230
1790396950.233,1780,1,0,41,1230
1790396950.333,1780,1,0,41,1230
1790396950.433,1780,1,0,41,1230
1790396950.534,1780,1,0,41,1230
1790396950.634,1780,1,0,41,1230
1790396950.734,1780,1,0,41,1230
1790396950.834,1780,1,0,41,1230
1790396950.934,1780,1,0,41,1230
1790396951.034,1780,1,0,41,1230
1790396951.134,1780,1,0,41,1230
1790396951.234,1780,1,0,41,1230
1790396951.334,1780,1,0,41,1230
1790396951.434,1780,1,0,41,1230
1790396951.534,1780,1,0,41,1230
1790396951.635,1780,1,0,41,1230
1790396951.735,1780,1,0,41,1230
1790396951.835,1780,1,0,41,1230
1790396951.935,1780,1,0,41,1230
1790396952.035,1780,1,0,41,1230
1790396952.135,1780,1,0,41,1230
1790396952.235,1780,1,0,41,1230
1790396952.335,1780,1,0,41,1230
1790396952.435,1780,1,0,41,1230
1790396952.535,1780,1,0,41,1230
1790396952.636,1780,1,0,41,1230
1790396952.736,1780,1,0,41,1230
1790396952.836,1780,1,0,41,1230
1790396952.936,1780,1,0,41,1230
1790396953.036,1780,1,0,41,1230
1790396953.136,1780,1,0,41,1230
1790396953.236,1780,1,0,41,1230
1790396953.336,1780,1,0,41,1230
1790396953.436,1780,1,0,41,1230
1790396953.536,1780,1,0,41,1230
1790396953.637,1780,1,0,41,1230
1790396953.737,1780,1,0,41,1230
1790396953.837,1780,1,0,41,1230
1790396953.937,1780,1,0,41,1230
1790396954.037,1780,1,0,41,1230
1790396954.137,1780,0,0,41,1230
1790396954.237,1780,0,0,41,1230
1790396954.337,1780,1,0,41,1230
1790396954.437,1780,1,0,41,1230
1790396954.537,1780,1,0,41,1230
1790396954.637,1780,1,0,41,1230
1790396954.738,1780,1,0,41,1230
1790396954.838,1780,1,0,41,1230
1790396954.938,1780,1,0,41,1230
1790396955.038,1780,1,0,41,1230
1790396955.138,1780,1,0,41,1230
1790396955.238,1780,1,0,41,1230
1790396955.338,1780,1,0,41,1230
1790396955.438,1780,1,0,41,1230
1790396955.538,1780,1,0,41,1230
1790396955.638,1780,1,0,41,1230
1790396955.739,1780,1,0,41,1230
1790396955.839,1780,1,0,41,1230
1790396955.939,1780,1,0,41,1230
1790396956.039,1780,1,0,41,1230
1790396956.139,1780,1,0,41,1230
1790396956.239,1780,1,0,41,1230
1790396956.339,1780,1,0,41,1230
1790396956.439,1780,1,0,41,1230
1790396956.539,1780,1,0,41,1230
1790396956.639,1780,1,0,41,1230
1790396956.739,1780,1,0,41,1230
1790396956.840,1780,1,0,41,1230
1790396956.940,1780,1,0,41,1230
1790396957.040,1780,1,0,41,1230
1790396957.140,1780,1,0,41,1230
1790396957.240,1780,1,0,41,1230
1790396957.340,1780,1,0,41,1230
1790396957.440,1780,1,0,41,1230
1790396957.540,1780,1,0,41,1230
1790396957.640,1780,1,0,41,1230
1790396957.740,1780,1,0,41,1230
1790396957.841,1780,1,0,41,1230
1790396957.941,1780,1,0,41,1230
1790396958.041,1780,1,0,41,1230
1790396958.141,1918,1,0,42,1230
1790396958.241,2298,10,0,42,1230
1790396958.341,2778,39,2,42,1230
1790396958.441,3230,39,2,42,1230
1790396958.541,3524,35,2,42,1230
1790396958.641,4078,35,2,41,1230
1790396958.741,4078,23,1,41,1230
1790396958.842,4078,0,0,41,1230
1790396958.942,4078,0,0,41,1230
1790396959.042,4078,0,0,41,1230
1790396959.142,4078,0,0,41,1230
1790396959.242,4078,0,0,41,1230
1790396959.342,4078,0,0,41,1230
1790396959.442,4078,0,0,41,1230
1790396959.542,4078,0,0,41,1230
1790396959.642,4078,0,0,41,1230
1790396959.742,4078,0,0,41,1230
1790396959.843,4078,0,0,41,1230
1790396959.943,4078,0,0,41,1230
1790396960.043,4078,0,0,41,1230
1790396960.143,4078,0,0,41,1230
1790396960.243,4078,0,0,41,1230
1790396960.343,4078,0,0,41,1230
1790396960.443,4078,0,0,41,1230
1790396960.543,4078,0,0,41,1230
1790396960.643,4078,0,0,41,1230
1790396960.743,4078,0,0,41,1230
1790396960.844,4078,0,0,41,1230
1790396960.944,4078,0,0,41,1230
1790396961.044,4078,0,0,41,1230
1790396961.144,4078,0,0,41,1230
1790396961.244,4078,0,0,41,1230
1790396961.344,4078,0,0,41,1230
1790396961.444,4078,0,0,41,1230
1790396961.544,4078,0,0,41,1230
1790396961.644,4078,0,0,41,1230
1790396961.744,4078,0,0,41,1230
1790396961.844,4078,0,0,41,1230
1790396961.945,4078,0,0,41,1230
1790396962.045,4078,0,0,41,1230
1790396962.145,4078,0,0,41,1230
1790396962.245,4078,0,0,41,1230
1790396962.345,4078,0,0,41,1230
1790396962.445,4078,0,0,41,1230
1790396962.545,4078,0,0,41,1230
1790396962.645,4078,0,0,41,1230
1790396962.745,4078,0,0,41,1230
1790396962.845,4078,0,0,41,1230
1790396962.946,4078,0,0,41,1230
1790396963.046,4078,0,0,41,1230
1790396963.146,4078,0,0,41,1230
1790396963.246,4078,0,0,41,1230
1790396963.346,4078,0,0,41,1230
1790396963.446,4078,0,0,41,1230
1790396963.546,4078,0,0,41,1230
1790396963.646,4078,0,0,41,1230
1790396963.746,4078,0,0,41,1230
1790396963.846,4078,0,0,41,1230
1790396963.947,4078,0,0,41,1230
1790396964.047,4078,0,0,41,1230
1790396964.147,4078,0,0,41,1230
1790396964.247,4078,0,0,41,1230
1790396964.347,4078,0,0,41,1230
1790396964.447,4078,0,0,41,1230
1790396964.547,4078,0,0,41,1230
1790396964.647,4078,0,0,41,1230
1790396964.747,4078,0,0,41,1230
1790396964.847,4078,0,0,41,1230
1790396964.947,4078,0,0,41,1230
1790396965.048,4078,0,0,41,1230
1790396965.148,4078,0,0,41,1230
1790396965.248,4078,0,0,41,1230
1790396965.348,4078,0,0,41,1230
1790396965.448,4078,0,0,41,1230
1790396965.548,4078,0,0,41,1230
1790396965.648,4078,0,0,41,1230
1790396965.748,4078,0,0,41,1230
1790396965.848,4078,0,0,41,1230
1790396965.948,4078,0,0,41,1230
1790396966.049,4078,0,0,41,1230
1790396966.149,4078,0,0,41,1230
1790396966.249,4078,0,0,41,1230
1790396966.349,4078,0,0,41,1230
1790396966.449,4078,0,0,41,1230
1790396966.549,4078,0,0,41,1230
1790396966.649,4078,0,0,41,1230
1790396966.749,4078,0,0,41,1230
1790396966.849,4078,0,0,41,1230
1790396966.949,4078,0,0,41,1230
1790396967.050,4078,0,0,41,1230
1790396967.150,4078,0,0,41,1230
1790396967.250,4078,0,0,41,1230
1790396967.350,4078,0,0,41,1230
1790396967.450,4078,0,0,41,1230
1790396967.550,4078,0,0,41,1230
1790396967.650,4078,0,0,41,1230
1790396967.750,4078,0,0,41,1230
1790396967.850,4078,0,0,41,1230
1790396967.950,4078,0,0,41,1230
1790396968.050,4078,0,0,41,1230
1790396968.151,4078,0,0,41,1230
1790396968.251,4078,0,0,41,1230
1790396968.351,4078,0,0,41,1230
1790396968.451,4078,0,0,41,1230
1790396968.551,4078,0,0,41,1230
1790396968.651,4078,0,0,41,1230
1790396968.751,4078,0,0,41,1230
1790396968.851,4078,0,0,41,1230
1790396968.951,4078,0,0,41,1230
1790396969.052,4078,0,0,41,1230
1790396969.152,4078,0,0,41,1230
1790396969.252,4078,0,0,41,1230
1790396969.352,4078,0,0,41,1230
1790396969.452,4078,0,0,41,1230
1790396969.552,4078,0,0,41,1230
1790396969.652,4078,0,0,41,1230
1790396969.752,4078,0,0,41,1230
1790396969.852,4078,0,0,41,1230
1790396969.953,4078,0,0,41,1230
1790396970.053,4078,0,0,41,1230
1790396970.153,4078,0,0,41,1230
1790396970.253,4078,0,0,41,1230
1790396970.353,4078,0,0,41,1230
1790396970.453,4078,0,0,41,1230
1790396970.553,4078,0,0,41,1230
1790396970.653,4078,0,0,41,1230
1790396970.753,4078,0,0,41,1230
1790396970.853,4078,0,0,41,1230
1790396970.954,4078,0,0,41,1230
1790396971.054,4078,0,0,41,1230
1790396971.154,4078,0,0,41,1230
1790396971.254,4078,0,0,41,1230
1790396971.354,4078,0,0,41,1230
1790396971.454,4078,0,0,41,1230
1790396971.554,4078,0,0,41,1230
1790396971.654,4078,0,0,41,1230
1790396971.754,4078,0,0,41,1230
1790396971.854,4078,0,0,41,1230
1790396971.955,4078,0,0,41,1230
1790396972.055,4078,0,0,41,1230
1790396972.155,4078,0,0,41,1230
1790396972.255,4078,0,0,41,1230
1790396972.355,4078,0,0,41,1230
1790396972.455,4078,0,0,41,1230
1790396972.555,4078,0,0,41,1230
1790396972.655,4078,0,0,41,1230
1790396972.755,4078,0,0,41,1230
1790396972.855,4078,0,0,41,1230
1790396972.955,4078,0,0,41,1230
1790396973.056,4078,0,0,41,1230
1790396973.156,4078,0,0,41,1230
1790396973.256,4078,0,0,41,1230
1790396973.356,4078,0,0,41,1230
1790396973.456,4078,0,0,41,1230
1790396973.556,4078,0,0,41,1230
1790396973.656,4078,0,0,41,1230
1790396973.756,4078,0,0,41,1230
1790396973.856,4078,0,0,41,1230
1790396973.957,4078,0,0,41,1230
1790396974.057,4078,0,0,41,1230
1790396974.157,4078,0,0,41,1230
1790396974.257,4078,0,0,41,1230
1790396974.357,4078,0,0,41,1230
1790396974.457,4078,0,0,41,1230
1790396974.557,4078,0,0,41,1230
1790396974.657,4078,0,0,41,1230
1790396974.757,4078,0,0,41,1230
1790396974.857,4078,0,0,41,1230
1790396974.958,4078,0,0,41,1230
1790396975.058,4078,0,0,41,1230
1790396975.158,4078,0,0,41,1230
1790396975.258,4078,0,0,41,1230
1790396975.358,4078,0,0,41,1230
1790396975.458,4078,0,0,41,1230
1790396975.558,4078,0,0,41,1230
1790396975.658,4078,0,0,41,1230
1790396975.758,4078,0,0,41,1230
1790396975.858,4078,0,0,41,1230
1790396975.959,4078,0,0,41,1230
1790396976.059,4078,0,0,41,1230
1790396976.159,4078,0,0,41,1230
1790396976.259,4078,0,0,41,1230
1790396976.359,4078,0,0,41,1230
1790396976.459,4078,0,0,41,1230
1790396976.559,4078,0,0,41,1230
1790396976.659,4078,0,0,41,1230
1790396976.759,4078,0,0,41,1230
1790396976.860,4078,0,0,41,1230
1790396976.960,4078,0,0,41,1230
1790396977.060,4078,0,0,41,1230
1790396977.160,4078,0,0,41,1230
1790396977.260,4078,0,0,41,1230
1790396977.360,4078,0,0,41,1230
1790396977.460,4078,0,0,41,1230
1790396977.560,4078,0,0,41,1230
1790396977.660,4078,0,0,41,1230
1790396977.761,4078,0,0,41,1230
1790396977.861,4078,0,0,41,1230
1790396977.961,4078,0,0,41,1230
1790396978.061,4078,0,0,41,1230
1790396978.161,4078,0,0,41,1230
1790396978.261,4078,0,0,41,1230
1790396978.361,4078,0,0,41,1230
1790396978.461,4078,0,0,41,1230
1790396978.561,4078,0,0,41,1230
1790396978.662,4078,0,0,41,1230
1790396978.762,4078,0,0,41,1230
1790396978.862,4078,0,0,41,1230
1790396978.962,4078,0,0,41,1230
1790396979.062,4078,0,0,41,1230
1790396979.162,4078,0,0,41,1230
1790396979.262,4078,0,0,41,1230
1790396979.362,4078,0,0,41,1230
1790396979.462,4078,0,0,41,1230
1790396979.563,4078,0,0,41,1230
1790396979.663,4078,0,0,41,1230
1790396979.763,4078,0,0,41,1230
1790396979.863,4078,0,0,41,1230
1790396979.963,4078,0,0,41,1230
1790396980.063,4078,0,0,41,1230
1790396980.163,4078,0,0,41,1230
1790396980.263,4078,0,0,41,1230
1790396980.363,4078,0,0,41,1230
1790396980.464,4078,0,0,41,1230
1790396980.564,4078,0,0,41,1230
1790396980.664,4078,0,0,41,1230
1790396980.764,4078,0,0,41,1230
1790396980.864,4078,0,0,41,1230
1790396980.964,4078,0,0,41,1230
1790396981.064,4078,0,0,41,1230
1790396981.164,4078,0,0,41,1230
1790396981.265,4078,0,0,41,1230
1790396981.365,4078,0,0,41,1230
1790396981.465,4078,0,0,41,1230
1790396981.565,4078,0,0,41,1230
1790396981.665,4078,0,0,41,1230
1790396981.765,4078,0,0,41,1230
1790396981.865,4078,0,0,41,1230
1790396981.965,4078,0,0,41,1230
1790396982.066,4078,0,0,41,1230
1790396982.166,4078,0,0,41,1230
1790396982.266,4078,0,0,41,1230
1790396982.366,4078,0,0,41,1230
1790396982.466,4078,0,0,41,1230
1790396982.566,4078,0,0,41,1230
1790396982.666,4078,0,0,41,1230
1790396982.766,4078,0,0,41,1230
1790396982.866,4078,0,0,41,1230
1790396982.967,4078,0,0,41,1230
1790396983.067,4078,0,0,41,1230
1790396983.167,4078,0,0,41,1230
1790396983.267,4078,0,0,41,1230
1790396983.367,4078,0,0,41,1230
1790396983.467,4078,0,0,41,1230
1790396983.567,4078,0,0,41,1230
1790396983.667,4078,0,0,41,1230
1790396983.767,4078,0,0,41,1230
1790396983.868,4078,0,0,41,1230
1790396983.968,4078,0,0,41,1230
1790396984.068,4078,0,0,41,1230
1790396984.168,4078,0,0,41,1230
1790396984.268,4078,0,0,41,1230
1790396984.368,4078,0,0,41,1230
1790396984.468,4078,0,0,41,1230
1790396984.568,4078,0,0,41,1230
1790396984.669,4078,0,0,41,1230
1790396984.769,4078,0,0,41,1230
1790396984.869,4078,0,0,41,1230
1790396984.969,4078,0,0,41,1230
1790396985.069,4078,0,0,41,1230
1790396985.169,4078,0,0,41,1230
1790396985.269,4078,0,0,41,1230
1790396985.369,4078,0,0,41,1230
1790396985.469,4078,0,0,41,1230
1790396985.569,4078,0,0,41,1230
1790396985.670,4078,0,0,41,1230
1790396985.770,4078,0,0,41,1230
1790396985.870,4078,0,0,41,1230
1790396985.970,4078,0,0,41,1230
1790396986.070,4078,0,0,41,1230
1790396986.170,4078,0,0,41,1230
1790396986.270,4078,0,0,41,1230
1790396986.370,4078,0,0,41,1230
1790396986.470,4078,0,0,41,1230
1790396986.571,4078,0,0,41,1230
1790396986.671,4078,0,0,41,1230
1790396986.771,4078,0,0,41,1230
1790396986.871,4078,0,0,41,1230
1790396986.971,4078,0,0,41,1230
1790396987.071,4078,0,0,41,1230
1790396987.171,4078,0,0,41,1230
1790396987.271,4078,0,0,41,1230
1790396987.371,4078,0,0,41,1230
1790396987.472,4078,0,0,41,1230
1790396987.572,4078,0,0,41,1230
1790396987.672,4078,0,0,41,1230
1790396987.772,4078,0,0,41,1230
1790396987.872,4078,0,0,41,1230
1790396987.972,4078,0,0,41,1230
1790396988.072,4078,0,0,41,1230
1790396988.172,4078,0,0,41,1230
1790396988.272,4078,0,0,41,1230
1790396988.373,4078,0,0,41,1230
1790396988.473,4078,0,0,41,1230
1790396988.573,4078,0,0,41,1230
1790396988.673,4078,0,0,41,1230
1790396988.773,4078,0,0,41,1230
1790396988.873,4078,0,0,41,1230
1790396988.973,4078,0,0,41,1230
1790396989.073,4078,0,0,41,1230
1790396989.173,4078,0,0,41,1230
1790396989.274,4078,0,0,41,1230
1790396989.374,4078,0,0,41,1230
1790396989.474,4078,0,0,41,1230
1790396989.574,4078,0,0,41,1230
1790396989.674,4078,0,0,41,1230
1790396989.774,4078,0,0,41,1230
1790396989.874,4078,0,0,41,1230
1790396989.974,4078,0,0,41,1230
1790396990.074,4078,0,0,41,1230
1790396990.175,4078,0,0,41,1230
1790396990.275,4078,0,0,41,1230
1790396990.375,4078,0,0,41,1230
1790396990.475,4078,0,0,41,1230
1790396990.575,4078,0,0,41,1230
1790396990.675,4078,0,0,41,1230
1790396990.775,4078,0,0,41,1230
1790396990.875,4078,0,0,41,1230
1790396990.976,4078,0,0,41,1230
1790396991.076,4078,0,0,41,1230
1790396991.176,4078,0,0,41,1230
1790396991.276,4078,0,0,41,1230
1790396991.376,4078,0,0,41,1230
1790396991.476,4078,0,0,41,1230
1790396991.602,4078,0,0,41,1230
1790396991.702,4078,0,0,41,1230
1790396991.802,4078,0,0,41,1230
1790396991.902,4078,0,0,41,1230
1790396992.003,4078,0,0,41,1230
1790396992.103,4078,0,0,41,1230
1790396992.203,4078,0,0,41,1230
1790396992.303,4078,0,0,41,1230
1790396992.403,4078,0,0,41,1230
1790396992.503,4078,0,0,41,1230
1790396992.603,4078,0,0,41,1230
1790396992.703,4078,0,0,41,1230
1790396992.803,4078,0,0,41,1230
1790396992.904,4078,0,0,41,1230
1790396993.004,4078,0,0,41,1230
1790396993.104,4078,0,0,41,1230
1790396993.204,4078,0,0,41,1230
1790396993.304,4078,0,0,41,1230
1790396993.404,4078,0,0,41,1230
1790396993.504,4078,0,0,41,1230
1790396993.604,4078,0,0,41,1230
1790396993.704,4078,0,0,41,1230
1790396993.804,4078,0,0,41,1230
1790396993.904,4078,0,0,41,1230
1790396994.005,4078,0,0,41,1230
1790396994.105,4078,0,0,41,1230
1790396994.205,4078,0,0,41,1230
1790396994.305,4078,0,0,41,1230
1790396994.405,4078,0,0,41,1230
1790396994.505,4078,0,0,41,1230
1790396994.605,4078,0,0,41,1230
1790396994.705,4078,0,0,41,1230
1790396994.806,4078,0,0,41,1230
1790396994.906,4078,0,0,41,1230
1790396995.006,4078,0,0,41,1230
1790396995.106,4078,0,0,41,1230
1790396995.206,4078,0,0,41,1230
1790396995.306,4078,0,0,41,1230
1790396995.406,4078,0,0,41,1230
1790396995.506,4078,0,0,41,1230
1790396995.606,4078,0,0,41,1230
1790396995.707,4078,0,0,41,1230
1790396995.807,4078,0,0,41,1230
1790396995.907,4078,0,0,41,1230
1790396996.007,4078,0,0,41,1230
1790396996.107,4078,0,0,41,1230
1790396996.207,4078,0,0,41,1230
1790396996.307,4078,0,0,41,1230
1790396996.407,4078,0,0,41,1230
1790396996.507,4078,0,0,41,1230
1790396996.607,4078,0,0,41,1230
1790396996.708,4078,0,0,41,1230
1790396996.808,4078,0,0,41,1230
1790396996.908,4078,0,0,41,1230
1790396997.008,4078,0,0,42,1230
1790396998.525,4116,1,0,42,1230
1790396998.625,4158,29,1,41,1230
1790396998.734,4158,29,1,41,1230
1790396998.834,4158,20,1,41,1230
1790396998.959,4158,20,1,41,1230
1790396999.059,4158,0,0,41,1230
1790396999.159,4158,0,0,41,1230
1790396999.259,4158,0,0,41,1230
1790396999.359,4158,0,0,41,1230
1790396999.459,4158,0,0,41,1230
1790396999.560,4158,0,0,41,1230
1790396999.660,4158,0,0,41,1230
1790396999.760,4158,0,0,41,1230
1790396999.860,4158,0,0,41,1230
1790396999.960,4158,0,0,41,1230
1790397000.060,4158,0,0,41,1230
1790397000.160,4158,0,0,41,1230
1790397000.260,4158,0,0,41,1230
1790397000.360,4158,0,0,41,1230
1790397000.461,4158,0,0,41,1230
1790397000.561,4158,0,0,41,1230
1790397000.661,4158,0,0,41,1230
1790397000.761,4158,0,0,41,1230
1790397000.861,4158,0,0,41,1230
1790397000.961,4158,0,0,41,1230
1790397001.061,4158,0,0,41,1230
1790397001.161,4158,0,0,41,1230
1790397001.261,4158,0,0,41,1230
1790397001.361,4158,0,0,41,1230
1790397001.462,4158,0,0,41,1230
1790397001.562,4158,0,0,41,1230
1790397001.662,4158,0,0,41,1230
1790397001.762,4158,0,0,41,1230
1790397001.862,4158,0,0,41,1230
1790397001.962,4158,0,0,41,1230
1790397002.062,4158,0,0,41,1230
1790397002.162,4158,0,0,41,1230
1790397002.262,4158,0,0,41,1230
1790397002.362,4158,0,0,41,1230
1790397002.463,4158,0,0,41,1230
1790397002.563,4158,0,0,41,1230
1790397002.663,4158,0,0,41,1230
1790397002.763,4158,0,0,41,1230
1790397002.863,4158,0,0,41,1230
1790397002.963,4158,0,0,41,1230
1790397003.063,4158,0,0,41,1230
1790397003.163,4158,0,0,41,1230
1790397003.263,4158,0,0,41,1230
1790397003.363,4158,0,0,41,1230
1790397003.464,4158,0,0,41,1230
1790397003.564,4158,0,0,41,1230
1790397003.664,4158,0,0,41,1230
1790397003.764,4158,0,0,41,1230
1790397003.864,4158,0,0,41,1230
1790397003.964,4158,0,0,41,1230
1790397004.064,4158,0,0,41,1230
1790397004.164,4158,0,0,41,1230
1790397004.264,4158,0,0,41,1230
1790397004.365,4158,0,0,41,1230
1790397004.465,4158,0,0,41,1230
1790397004.565,4158,0,0,41,1230
1790397004.665,4158,0,0,41,1230
1790397004.765,4158,0,0,41,1230
1790397004.865,4158,0,0,41,1230
1790397004.965,4158,0,0,41,1230
1790397005.065,4158,0,0,41,1230
1790397005.165,4158,0,0,41,1230
1790397005.266,4158,0,0,41,1230
1790397005.366,4158,0,0,41,1230
1790397005.466,4158,0,0,41,1230
1790397005.566,4158,0,0,41,1230
1790397005.666,4158,0,0,41,1230
1790397005.766,4158,0,0,41,1230
1790397005.866,4158,0,0,41,1230
1790397005.966,4158,0,0,41,1230
1790397006.066,4158,0,0,41,1230
1790397006.166,4158,0,0,41,1230
1790397006.267,4158,0,0,41,1230
1790397006.367,4158,0,0,41,1230
1790397006.467,4158,0,0,41,1230
1790397006.567,4158,0,0,41,1230
1790397006.667,4158,0,0,41,1230
1790397006.767,4158,0,0,41,1230
1790397006.867,4158,0,0,41,1230
1790397006.967,4158,0,0,41,1230
1790397007.067,4158,0,0,41,1230
1790397007.167,4158,0,0,41,1230
1790397007.267,4158,0,0,41,1230
1790397007.368,4158,0,0,41,1230
1790397007.468,4158,0,0,41,1230
1790397007.568,4158,0,0,41,1230
1790397007.668,4158,0,0,41,1230
1790397007.768,4158,0,0,41,1230
1790397007.868,4158,0,0,41,1230
1790397007.968,4158,0,0,41,1230
1790397008.068,4158,0,0,41,1230
1790397008.168,4158,0,0,41,1230
1790397008.268,4158,0,0,41,1230
1790397008.369,4158,0,0,41,1230
1790397008.469,4158,0,0,41,1230
1790397008.569,4158,0,0,41,1230
1790397008.669,4158,0,0,41,1230
1790397008.769,4158,0,0,41,1230
1790397008.869,4158,0,0,41,1230
1790397008.969,4158,0,0,41,1230
1790397009.069,4158,0,0,41,1230
1790397009.169,4158,0,0,41,1230
1790397009.269,4158,0,0,41,1230
1790397009.370,4158,0,0,41,1230
1790397009.470,4158,0,0,41,1230
1790397009.570,4158,0,0,41,1230
1790397009.670,4158,0,0,41,1230
1790397009.770,4158,0,0,41,1230
1790397009.870,4158,0,0,41,1230
1790397009.970,4158,0,0,41,1230
1790397010.070,4158,0,0,41,1230
1790397010.170,4158,0,0,41,1230
1790397010.271,4158,0,0,41,1230
1790397010.371,4158,0,0,41,1230
1790397010.471,4158,0,0,41,1230
1790397010.571,4158,0,0,41,1230
1790397010.671,4158,0,0,41,1230
1790397010.771,4158,0,0,41,1230
1790397010.871,4158,0,0,41,1230
1790397010.971,4158,0,0,42,1230
1790397011.071,4158,0,0,41,1230
1790397011.171,4158,0,0,41,1230
1790397011.272,4158,0,0,41,1230
1790397011.372,4158,0,0,41,1230
1790397011.472,4158,0,0,41,1230
1790397011.572,4158,0,0,41,1230
1790397011.672,4158,0,0,41,1230
1790397011.772,4158,0,0,41,1230
1790397011.872,4158,0,0,41,1230
1790397011.972,4158,0,0,41,1230
1790397012.072,4158,0,0,41,1230
1790397012.172,4158,0,0,41,1230
1790397012.273,4158,0,0,41,1230
1790397012.373,4158,0,0,41,1230
1790397012.473,4158,0,0,41,1230
1790397012.573,4158,0,0,41,1230
1790397012.673,4158,0,0,41,1230
1790397012.773,4158,0,0,41,1230
1790397012.873,4158,0,0,41,1230
1790397012.973,4158,0,0,41,1230
1790397013.073,4158,0,0,41,1230
1790397013.173,4158,0,0,41,1230
1790397013.274,4158,0,0,41,1230
1790397013.374,4158,0,0,41,1230
1790397013.474,4158,0,0,41,1230
1790397013.574,4158,0,0,41,1230
1790397013.674,4158,0,0,41,1230
1790397013.774,4158,0,0,41,1230
1790397013.874,4158,0,0,41,1230
1790397013.974,4158,0,0,41,1230
1790397014.074,4158,0,0,41,1230
1790397014.175,4158,0,0,41,1230
1790397014.275,4158,0,0,41,1230
1790397014.375,4158,0,0,41,1230
1790397014.475,4158,0,0,41,1230
1790397014.575,4158,0,0,41,1230
1790397014.675,4158,0,0,41,1230
1790397014.775,4158,0,0,41,1230
1790397014.875,4158,0,0,41,1230
1790397014.975,4158,0,0,41,1230
1790397015.075,4158,0,0,41,1230
1790397015.176,4158,0,0,41,1230
1790397015.276,4158,0,0,41,1230
1790397015.376,4158,0,0,41,1230
1790397015.476,4158,0,0,41,1230
1790397015.576,4158,0,0,41,1230
1790397015.676,4158,0,0,41,1230
1790397015.776,4158,0,0,41,1230
1790397015.876,4158,0,0,41,1230
1790397015.976,4158,0,0,41,1230
1790397016.076,4158,0,0,41,1230
1790397016.177,4158,0,0,41,1230
1790397016.277,4158,0,0,41,1230
1790397016.377,4158,0,0,41,1230
1790397016.477,4158,0,0,41,1230
1790397016.577,4158,0,0,41,1230
1790397016.677,4158,0,0,41,1230
1790397016.777,4158,0,0,41,1230
1790397016.877,4158,0,0,41,1230
1790397016.977,4158,0,0,41,1230
1790397017.077,4158,0,0,41,1230
1790397017.178,4158,0,0,42,1230
1790397017.278,4158,0,0,41,1230
1790397017.378,4158,0,0,41,1230
1790397017.478,4158,0,0,41,1230
1790397017.578,4158,0,0,41,1230
1790397017.678,4158,0,0,41,1230
1790397017.778,4158,0,0,41,1230
1790397017.878,4158,0,0,41,1230
1790397017.978,4158,0,0,41,1230
1790397018.078,4158,0,0,41,1230
1790397018.179,4158,0,0,41,1230
1790397018.279,4158,0,0,41,1230
1790397018.379,4158,0,0,41,1230
1790397018.479,4158,0,0,41,1230
1790397018.579,4158,0,0,41,1230
1790397018.679,4158,0,0,41,1230
1790397018.779,4158,0,0,41,1230
1790397018.879,4158,0,0,41,1230
1790397018.979,4158,0,0,41,1230
1790397019.079,4158,0,0,41,1230
1790397019.180,4158,0,0,41,1230
1790397019.280,4158,0,0,41,1230
1790397019.380,4158,0,0,41,1230
1790397019.480,4158,0,0,41,1230
1790397019.580,4158,0,0,41,1230
1790397019.680,4158,0,0,41,1230
1790397019.780,4158,0,0,41,1230
1790397019.880,4158,0,0,41,1230
1790397019.980,4158,0,0,41,1230
1790397020.081,4158,0,0,41,1230
1790397020.181,4158,0,0,41,1230
1790397020.281,4158,0,0,41,1230
1790397020.381,4158,0,0,41,1230
1790397020.481,4158,0,0,41,1230
1790397020.581,4158,0,0,41,1230
1790397020.681,4158,0,0,41,1230
1790397020.781,4158,0,0,41,1230
1790397020.881,4158,0,0,41,1230
1790397020.981,4158,0,0,41,1230
1790397021.082,4158,0,0,42,1230
1790397021.182,4158,0,0,41,1230
1790397021.282,4158,0,0,41,1230
1790397021.382,4158,0,0,42,1230
1790397021.482,4158,0,0,42,1230
1790397021.582,4158,0,0,42,1230
1790397021.682,4158,0,0,42,1230
1790397021.782,4158,0,0,41,1230
1790397021.882,4158,0,0,41,1230
1790397021.982,4158,0,0,41,1230
1790397022.082,4158,0,0,41,1230
1790397022.183,4158,0,0,41,1230
1790397022.283,4158,0,0,41,1230
1790397022.383,4158,0,0,41,1230
1790397022.483,4158,0,0,41,1230
1790397022.583,4158,0,0,41,1230
1790397022.683,4158,0,0,41,1230
1790397022.783,4158,0,0,41,1230
1790397022.883,4158,0,0,41,1230
1790397022.983,4158,0,0,41,1230
1790397023.083,4158,0,0,41,1230
1790397023.184,4158,0,0,41,1230
1790397023.284,4158,0,0,42,1230
1790397023.384,4158,0,0,42,1230
1790397023.484,4158,0,0,41,1230
1790397023.584,4158,0,0,41,1230
1790397023.684,4158,0,0,41,1230
1790397023.784,4158,0,0,41,1230
1790397023.884,4158,0,0,41,1230
1790397023.984,4158,0,0,41,1230
1790397024.084,4158,0,0,41,1230
1790397024.185,4158,0,0,42,1230
1790397024.285,4158,0,0,41,1230
1790397024.385,4158,0,0,41,1230
1790397024.485,4158,0,0,41,1230
1790397024.585,4158,0,0,41,1230
1790397024.685,4158,0,0,41,1230
1790397024.785,4158,0,0,41,1230
1790397024.885,4158,0,0,41,1230
1790397024.985,4158,0,0,41,1230
1790397025.085,4158,0,0,41,1230
1790397025.186,4158,0,0,41,1230
1790397025.286,4158,0,0,41,1230
1790397025.386,4158,0,0,41,1230
1790397025.486,4158,0,0,41,1230
1790397025.586,4158,0,0,41,1230
1790397025.686,4158,0,0,41,1230
1790397025.786,4158,0,0,41,1230
1790397025.886,4158,0,0,42,1230
1790397025.986,4158,0,0,41,1230
1790397026.086,4158,0,0,41,1230
1790397026.186,4158,0,0,41,1230
1790397026.287,4158,0,0,41,1230
1790397026.387,4158,0,0,41,1230
1790397026.487,4158,0,0,41,1230
1790397026.587,4158,0,0,42,1230
1790397026.687,4158,0,0,41,1230
1790397026.787,4158,0,0,41,1230
1790397026.887,4158,0,0,41,1230
1790397026.987,4158,0,0,41,1230
1790397027.087,4158,0,0,41,1230
1790397027.187,4158,0,0,41,1230
1790397027.288,4158,0,0,41,1230
1790397027.388,4158,0,0,41,1230
1790397027.488,4158,0,0,41,1230
1790397027.588,4158,0,0,41,1230
1790397027.688,4158,0,0,41,1230
1790397027.788,4158,0,0,41,1230
1790397027.888,4158,0,0,41,1230
1790397027.988,4158,0,0,41,1230
1790397028.088,4158,0,0,41,1230
1790397028.188,4158,0,0,41,1230
1790397028.289,4158,0,0,41,1230
1790397028.389,4158,0,0,41,1230
1790397028.489,4158,0,0,41,1230
1790397028.589,4158,0,0,41,1230
1790397028.689,4158,0,0,41,1230
1790397028.789,4158,0,0,41,1230
1790397028.889,4158,0,0,41,1230
1790397028.989,4158,0,0,41,1230
1790397029.089,4158,0,0,41,1230
1790397029.189,4158,0,0,41,1230
1790397029.289,4158,0,0,41,1230
1790397029.390,4158,0,0,41,1230
1790397029.490,4158,0,0,41,1230
1790397029.590,4158,0,0,41,1230
1790397029.690,4158,0,0,41,1230
1790397029.790,4158,0,0,41,1230
1790397029.890,4158,0,0,41,1230
1790397029.990,4158,0,0,41,1230
1790397030.090,4158,0,0,41,1230
1790397030.190,4158,0,0,41,1230
1790397030.290,4158,0,0,41,1230
1790397030.391,4158,0,0,41,1230
1790397030.491,4158,0,0,41,1230
1790397030.591,4158,0,0,41,1230
1790397030.691,4158,0,0,41,1230
1790397030.791,4158,0,0,41,1230
1790397030.891,4158,0,0,41,1230
1790397030.991,4158,0,0,41,1230
1790397031.091,4158,0,0,41,1230
1790397031.191,4158,0,0,41,1230
1790397031.291,4158,0,0,41,1230
1790397031.392,4158,0,0,41,1230
1790397031.492,4158,0,0,41,1230
1790397031.592,4158,0,0,41,1230
1790397031.692,4158,0,0,41,1230
1790397031.792,4158,0,0,42,1230
1790397031.892,4158,0,0,41,1230
1790397031.992,4158,0,0,42,1230
1790397032.092,4158,0,0,42,1230
1790397032.192,4158,0,0,41,1230
1790397032.292,4158,0,0,41,1230
1790397032.392,4158,0,0,42,1230
1790397032.493,4158,0,0,42,1230
1790397032.593,4158,0,0,42,1230
1790397032.693,4158,0,0,41,1230
1790397032.793,4158,0,0,41,1230
1790397032.893,4158,0,0,41,1230
1790397032.993,4158,0,0,41,1230
1790397033.093,4158,0,0,41,1230
1790397033.193,4158,0,0,41,1230
1790397033.293,4158,0,0,41,1230
1790397033.393,4158,0,0,41,1230
1790397033.493,4158,0,0,41,1230
1790397033.594,4158,0,0,41,1230
1790397033.694,4158,0,0,41,1230
1790397033.794,4158,0,0,41,1230
1790397033.894,4158,0,0,41,1230
1790397033.994,4158,0,0,41,1230
1790397034.094,4158,0,0,41,1230
1790397034.194,4158,0,0,41,1230
1790397034.294,4158,0,0,41,1230
1790397034.394,4158,0,0,41,1230
1790397034.494,4158,0,0,41,1230
1790397034.595,4158,0,0,41,1230
1790397034.695,4158,0,0,41,1230
1790397034.795,4158,0,0,41,1230
1790397034.895,4158,0,0,41,1230
1790397034.995,4158,0,0,41,1230
1790397035.095,4158,0,0,42,1230
1790397035.195,4158,0,0,41,1230
1790397035.295,4158,0,0,41,1230
1790397035.395,4158,0,0,41,1230
1790397035.495,4158,0,0,41,1230
1790397035.595,4158,0,0,41,1230
1790397035.696,4158,0,0,41,1230
1790397035.796,4158,0,0,41,1230
1790397035.896,4158,0,0,41,1230
1790397035.996,4158,0,0,41,1230
1790397036.096,4158,0,0,41,1230
1790397036.196,4158,0,0,41,1230
1790397036.296,4158,0,0,41,1230
1790397036.396,4158,0,0,41,1230
1790397036.496,4158,0,0,41,1230
1790397036.596,4158,0,0,41,1230
1790397036.697,4158,0,0,41,1230
1790397036.797,4158,0,0,41,1230
1790397036.897,4158,0,0,41,1230
1790397036.997,4158,0,0,41,1230
1790397037.097,4158,0,0,41,1230
1790397037.197,4158,0,0,41,1230
1790397037.297,4158,0,0,42,1230
1790397037.397,4158,0,0,41,1230
1790397037.497,4158,0,0,41,1230
1790397037.597,4158,0,0,41,1230
1790397037.698,4158,0,0,41,1230
1790397037.798,4158,0,0,42,1230
1790397037.898,4158,0,0,42,1230
1790397037.998,4158,0,0,41,1230
1790397038.098,4158,0,0,41,1230
1790397038.198,4158,0,0,41,1230
1790397038.298,4158,0,0,41,1230
1790397038.398,4158,0,0,41,1230
1790397038.498,4158,0,0,42,1230
1790397038.598,4158,0,0,42,1230
1790397038.699,4158,0,0,41,1230
1790397038.799,4158,0,0,41,1230
1790397038.899,4158,0,0,41,1230
1790397038.999,4158,0,0,41,1230
1790397039.099,4158,0,0,41,1230
1790397039.199,4158,0,0,41,1230
1790397039.299,4158,0,0,41,1230
1790397039.399,4158,0,0,41,1230
1790397039.499,4158,0,0,41,1230
1790397039.599,4158,0,0,41,1230
1790397039.699,4158,0,0,41,1230
1790397039.800,4158,0,0,41,1230
1790397039.900,4158,0,0,41,1230
1790397040.000,4158,0,0,41,1230
1790397040.100,4158,0,0,41,1230
1790397040.200,4158,0,0,41,1230
1790397040.300,4158,0,0,41,1230
1790397040.400,4158,0,0,41,1230
1790397040.500,4158,0,0,41,1230
1790397040.600,4158,0,0,41,1230
1790397040.700,4158,0,0,41,1230
1790397040.801,4158,0,0,41,1230
1790397040.901,4158,0,0,41,1230
1790397041.001,4158,0,0,41,1230
1790397041.101,4158,0,0,41,1230
1790397041.201,4158,0,0,41,1230
1790397041.301,4158,0,0,41,1230
1790397041.401,4158,0,0,42,1230
1790397041.501,4158,0,0,42,1230
1790397041.601,4158,0,0,41,1230
1790397041.701,4158,0,0,41,1230
1790397041.802,4158,0,0,42,1230
1790397041.902,4158,0,0,41,1230
1790397042.002,4158,0,0,41,1230
1790397042.102,4158,0,0,41,1230
1790397042.202,4158,0,0,41,1230
1790397042.302,4158,0,0,41,1230
1790397042.402,4158,0,0,41,1230
1790397042.502,4158,0,0,41,1230
1790397042.603,4158,0,0,41,1230
1790397042.703,4158,0,0,41,1230
1790397042.803,4158,0,0,41,1230
1790397042.903,4158,0,0,41,1230
1790397043.003,4158,0,0,41,1230
1790397043.104,4158,0,0,41,1230
1790397043.205,4158,0,0,41,1230
1790397043.305,4158,0,0,41,1230
1790397043.405,4158,0,0,41,1230
1790397043.505,4158,0,0,41,1230
1790397043.605,4158,0,0,41,1230
1790397043.706,4158,0,0,41,1230
1790397043.806,4158,0,0,41,1230
1790397043.906,4158,0,0,41,1230
1790397044.006,4158,0,0,41,1230
1790397044.106,4158,0,0,41,1230
1790397044.206,4158,0,0,41,1230
1790397044.306,4158,0,0,41,1230
1790397044.406,4158,0,0,41,1230
1790397044.506,4158,0,0,41,1230
1790397044.607,4158,0,0,41,1230
1790397044.707,4158,0,0,41,1230
1790397044.807,4158,0,0,41,1230
1790397044.907,4158,0,0,41,1230
1790397045.007,4158,0,0,41,1230
1790397045.107,4158,0,0,41,1230
1790397045.207,4158,0,0,41,1230
1790397045.307,4158,0,0,41,1230
1790397045.407,4158,0,0,41,1230
1790397045.507,4158,0,0,42,1230
1790397045.608,4158,0,0,41,1230
1790397045.708,4158,0,0,41,1230
1790397045.808,4158,0,0,41,1230
1790397045.908,4158,0,0,41,1230
1790397046.008,4158,0,0,41,1230
1790397046.108,4158,0,0,41,1230
1790397046.208,4158,0,0,41,1230
1790397046.308,4158,0,0,41,1230
1790397046.409,4158,0,0,41,1230
1790397046.509,4158,0,0,41,1230
1790397046.609,4158,0,0,41,1230
1790397046.709,4158,0,0,41,1230
1790397046.809,4158,0,0,41,1230
1790397046.909,4158,0,0,41,1230
1790397047.009,4158,0,0,41,1230
1790397047.110,4158,0,0,41,1230
1790397047.210,4158,0,0,41,1230
1790397047.310,4158,0,0,42,1230
1790397047.410,4158,0,0,42,1230
1790397047.510,4158,0,0,41,1230
1790397047.610,4158,0,0,42,1230
1790397047.711,4158,0,0,41,1230
1790397047.811,4158,0,0,41,1230
1790397047.911,4158,0,0,41,1230
1790397048.011,4158,0,0,41,1230
1790397048.111,4158,0,0,41,1230
1790397048.211,4158,0,0,41,1230
1790397048.312,4158,0,0,41,1230
1790397048.412,4158,0,0,41,1230
1790397048.512,4158,0,0,41,1230
1790397048.612,4158,0,0,42,1230
1790397048.712,4158,0,0,41,1230
1790397048.812,4158,0,0,42,1230
1790397048.912,4158,0,0,41,1230
1790397049.013,4158,0,0,41,1230
1790397049.113,4158,0,0,41,1230
1790397049.213,4158,0,0,41,1230
1790397049.313,4158,0,0,41,1230
1790397049.413,4158,0,0,41,1230
1790397049.513,4158,0,0,42,1230
1790397049.613,4158,0,0,41,1230
1790397049.714,4158,0,0,42,1230
1790397049.814,4158,0,0,41,1230
1790397049.914,4158,0,0,42,1230
1790397050.014,4158,0,0,41,1230
1790397050.114,4158,0,0,41,1230
1790397050.214,4158,0,0,41,1230
1790397050.315,4158,0,0,41,1230
1790397050.415,4158,0,0,41,1230
1790397050.515,4158,0,0,41,1230
1790397050.615,4158,0,0,41,1230
1790397050.715,4158,0,0,41,1230
1790397050.815,4158,0,0,42,1230
1790397050.915,4158,0,0,41,1230
1790397051.016,4158,0,0,41,1230
1790397051.119,4158,0,0,41,1230
1790397051.219,4158,0,0,41,1230
1790397051.319,4158,0,0,41,1230
1790397051.420,4158,0,0,41,1230
1790397051.520,4158,0,0,41,1230
1790397051.620,4158,0,0,41,1230
1790397051.720,4158,0,0,42,1230
1790397051.820,4158,0,0,41,1230
1790397051.920,4158,0,0,41,1230
1790397052.020,4158,0,0,41,1230
1790397052.120,4158,0,0,41,1230
1790397052.220,4158,0,0,41,1230
1790397052.320,4158,0,0,41,1230
1790397052.421,4158,0,0,41,1230
1790397052.521,4158,0,0,41,1230
1790397052.621,4158,0,0,41,1230
1790397052.721,4158,0,0,41,1230
1790397052.821,4158,0,0,41,1230
1790397052.921,4158,0,0,41,1230
1790397053.021,4158,0,0,42,1230
1790397053.121,4158,0,0,41,1230
1790397053.221,4158,0,0,41,1230
1790397053.321,4158,0,0,41,1230
1790397053.422,4158,0,0,41,1230
1790397053.522,4158,0,0,41,1230
1790397053.622,4158,0,0,42,1230
1790397053.722,4158,0,0,41,1230
1790397053.822,4158,0,0,41,1230
1790397053.922,4158,0,0,41,1230
1790397054.022,4158,0,0,41,1230
1790397054.122,4158,0,0,41,1230
1790397054.222,4158,0,0,41,1230
1790397054.322,4158,0,0,41,1230
1790397054.423,4158,0,0,41,1230
1790397054.523,4158,0,0,41,1230
1790397054.623,4158,0,0,41,1230
1790397054.723,4158,0,0,41,1230
1790397054.823,4158,0,0,41,1230
1790397054.923,4158,0,0,41,1230
1790397055.023,4158,0,0,42,1230
1790397055.123,4158,0,0,41,1230
1790397055.223,4158,0,0,41,1230
1790397055.323,4158,0,0,41,1230
1790397055.423,4158,0,0,41,1230
1790397055.524,4158,0,0,41,1230
1790397055.624,4158,0,0,41,1230
1790397055.724,4158,0,0,41,1230
1790397055.824,4158,0,0,41,1230
1790397055.924,4158,0,0,41,1230
1790397056.024,4158,0,0,41,1230
1790397056.124,4158,0,0,41,1230
1790397056.224,4158,0,0,41,1230
1790397056.324,4158,0,0,41,1230
1790397056.424,4158,0,0,41,1230
1790397056.525,4158,0,0,41,1230
1790397056.625,4158,0,0,41,1230
1790397056.725,4158,0,0,41,1230
1790397056.825,4158,0,0,42,1230
1790397056.925,4158,0,0,41,1230
1790397057.025,4158,0,0,41,1230
1790397057.125,4158,0,0,41,1230
1790397057.225,4158,0,0,41,1230
1790397057.325,4158,0,0,42,1230
1790397057.426,4158,0,0,41,1230
1790397057.526,4158,0,0,41,1230
1790397057.626,4158,0,0,41,1230
1790397057.726,4158,0,0,42,1230
1790397057.826,4158,0,0,41,1230
1790397057.926,4158,0,0,41,1230
1790397058.026,4158,0,0,41,1230
1790397058.126,4158,0,0,41,1230
1790397058.226,4158,0,0,41,1230
1790397058.326,4158,0,0,41,1230
1790397058.427,4158,0,0,41,1230
1790397058.527,4158,0,0,42,1230
1790397058.627,4158,0,0,41,1230
1790397058.727,4158,0,0,42,1230
1790397058.827,4158,0,0,41,1230
1790397058.927,4158,0,0,41,1230
1790397059.028,4158,0,0,41,1230
1790397059.128,4158,0,0,41,1230
1790397059.228,4158,0,0,41,1230
1790397059.328,4158,0,0,41,1230
1790397059.428,4158,0,0,41,1230
1790397059.528,4158,0,0,41,1230
1790397059.628,4158,0,0,41,1230
1790397059.729,4158,0,0,41,1230
1790397059.829,4158,0,0,41,1230
1790397059.929,4158,0,0,41,1230
1790397060.029,4158,0,0,41,1230
1790397060.129,4158,0,0,41,1230
1790397060.229,4158,0,0,42,1230
1790397060.330,4158,0,0,41,1230
1790397060.430,4158,0,0,41,1230
1790397060.530,4158,0,0,41,1230
1790397060.630,4158,0,0,41,1230
1790397060.730,4158,0,0,41,1230
1790397060.830,4158,0,0,41,1230
1790397060.930,4158,0,0,41,1230
1790397061.031,4158,0,0,41,1230
1790397061.131,4158,0,0,42,1230
1790397061.231,4158,0,0,41,1230
1790397061.331,4158,0,0,41,1230
1790397061.431,4158,0,0,41,1230
1790397061.531,4158,0,0,41,1230
1790397061.631,4158,0,0,41,1230
1790397061.732,4158,0,0,41,1230
1790397061.832,4158,0,0,41,1230
1790397061.932,4158,0,0,41,1230
1790397062.032,4158,0,0,41,1230
1790397062.132,4158,0,0,41,1230
1790397062.232,4158,0,0,41,1230
1790397062.333,4158,0,0,41,1230
1790397062.433,4158,0,0,41,1230
1790397062.533,4158,0,0,41,1230
1790397062.633,4158,0,0,41,1230
1790397062.733,4158,0,0,41,1230
1790397062.833,4158,0,0,41,1230
1790397062.934,4158,0,0,41,1230
1790397063.034,4158,0,0,41,1230
1790397063.134,4158,0,0,41,1230
1790397063.234,4158,0,0,41,1230
1790397063.334,4158,0,0,41,1230
1790397063.434,4158,0,0,41,1230
1790397063.534,4158,0,0,41,1230
1790397063.635,4158,0,0,41,1230
1790397063.735,4158,0,0,41,1230
1790397063.835,4158,0,0,41,1230
1790397063.935,4158,0,0,41,1230
1790397064.035,4158,0,0,41,1230
1790397064.135,4158,0,0,41,1230
1790397064.235,4158,0,0,41,1230
1790397064.336,4158,0,0,41,1230
1790397064.436,4158,0,0,41,1230
1790397064.536,4158,0,0,41,1230
1790397064.636,4158,0,0,41,1230
1790397064.736,4158,0,0,41,1230
1790397064.836,4158,0,0,41,1230
1790397064.937,4158,0,0,41,1230
1790397065.037,4158,0,0,41,1230
1790397065.137,4158,0,0,41,1230
1790397065.237,4158,0,0,41,1230
1790397065.337,4158,0,0,41,1230
1790397065.437,4158,0,0,41,1230
1790397065.537,4158,0,0,41,1230
1790397065.638,4158,0,0,41,1230
1790397065.738,4158,0,0,41,1230
1790397065.838,4158,0,0,41,1230
1790397065.938,4158,0,0,41,1230
1790397066.038,4158,0,0,41,1230
1790397066.139,4158,0,0,41,1230
1790397066.239,4158,0,0,41,1230
1790397066.339,4158,0,0,41,1230
1790397066.439,4158,0,0,41,1230
1790397066.539,4158,0,0,41,1230
1790397066.639,4158,0,0,41,1230
1790397066.739,4158,0,0,41,1230
1790397066.839,4158,0,0,41,1230
1790397066.940,4158,0,0,41,1230
1790397067.040,4158,0,0,41,1230
1790397067.140,4158,0,0,41,1230
1790397067.240,4158,0,0,41,1230
1790397067.340,4158,0,0,41,1230
1790397067.440,4158,0,0,42,1230
1790397067.541,4158,0,0,41,1230
1790397067.641,4158,0,0,41,1230
1790397067.741,4158,0,0,41,1230
1790397067.841,4158,0,0,41,1230
1790397067.941,4158,0,0,41,1230
1790397068.041,4158,0,0,41,1230
1790397068.141,4158,0,0,41,1230
1790397068.242,4158,0,0,42,1230
1790397068.342,4158,0,0,42,1230
1790397068.442,4158,0,0,41,1230
1790397068.542,4158,0,0,41,1230
1790397068.642,4158,0,0,41,1230
1790397068.742,4158,0,0,42,1230
1790397068.843,4158,0,0,41,1230
1790397068.943,4158,0,0,41,1230
1790397069.043,4158,0,0,41,1230
1790397069.143,4158,0,0,41,1230
1790397069.243,4158,0,0,41,1230
1790397069.343,4158,0,0,41,1230
1790397069.444,4158,0,0,41,1230
1790397069.544,4158,0,0,41,1230
1790397069.644,4158,0,0,42,1230
1790397069.744,4158,0,0,41,1230
1790397069.844,4158,0,0,41,1230
1790397069.944,4158,0,0,41,1230
1790397070.044,4158,0,0,41,1230
1790397070.145,4158,0,0,41,1230
1790397070.245,4158,0,0,41,1230
1790397070.345,4158,0,0,41,1230
1790397070.445,4158,0,0,41,1230
1790397070.545,4158,0,0,41,1230
1790397070.645,4158,0,0,41,1230
1790397070.745,4158,0,0,41,1230
1790397070.846,4158,0,0,41,1230
1790397070.946,4158,0,0,42,1230
1790397071.046,4158,0,0,41,1230
1790397071.146,4158,0,0,41,1230
1790397071.246,4158,0,0,41,1230
1790397071.346,4158,0,0,41,1230
1790397071.447,4158,0,0,41,1230
1790397071.547,4158,0,0,41,1230
1790397071.647,4158,0,0,41,1230
1790397071.747,4158,0,0,41,1230
1790397071.847,4158,0,0,41,1230
1790397071.947,4158,0,0,41,1230
1790397072.048,4158,0,0,41,1230
1790397072.148,4158,0,0,41,1230
1790397072.248,4158,0,0,41,1230
1790397072.348,4158,0,0,41,1230
1790397072.448,4158,0,0,41,1230
1790397072.548,4158,0,0,41,1230
1790397072.648,4158,0,0,41,1230
1790397072.749,4158,0,0,41,1230
1790397072.849,4158,0,0,41,1230
1790397072.949,4158,0,0,41,1230
1790397073.049,4158,0,0,41,1230
1790397073.149,4158,0,0,41,1230
1790397073.249,4158,0,0,41,1230
1790397073.349,4158,0,0,41,1230
1790397073.450,4158,0,0,41,1230
1790397073.550,4158,0,0,41,1230
1790397073.650,4158,0,0,41,1230
1790397073.750,4158,0,0,41,1230
1790397073.850,4158,0,0,41,1230
1790397073.950,4158,0,0,41,1230
1790397074.051,4158,0,0,41,1230
1790397074.151,4158,0,0,42,1230
1790397074.251,4158,0,0,41,1230
1790397074.351,4158,0,0,41,1230
1790397074.451,4158,0,0,41,1230
1790397074.551,4158,0,0,41,1230
1790397074.651,4158,0,0,42,1230
1790397074.752,4158,0,0,41,1230
1790397074.852,4158,0,0,42,1230
1790397074.952,4158,0,0,42,1230
1790397075.052,4158,0,0,41,1230
1790397075.152,4158,0,0,41,1230
1790397075.252,4158,0,0,41,1230
1790397075.353,4158,0,0,42,1230
1790397075.453,4158,0,0,41,1230
1790397075.553,4158,0,0,41,1230
1790397075.653,4158,0,0,41,1230
1790397075.753,4158,0,0,41,1230
1790397075.853,4158,0,0,42,1230
1790397075.953,4158,0,0,42,1230
1790397076.054,4158,0,0,41,1230
1790397076.154,4158,0,0,41,1230
1790397076.254,4158,0,0,41,1230
1790397076.354,4158,0,0,41,1230
1790397076.454,4158,0,0,41,1230
1790397076.554,4158,0,0,41,1230
1790397076.654,4158,0,0,41,1230
1790397076.755,4158,0,0,41,1230
1790397076.855,4158,0,0,42,1230
1790397076.955,4158,0,0,41,1230
1790397077.055,4158,0,0,41,1230
1790397077.155,4158,0,0,41,1230
1790397077.255,4158,0,0,41,1230
1790397077.356,4158,0,0,42,1230
1790397077.456,4158,0,0,41,1230
1790397077.556,4158,0,0,41,1230
1790397077.656,4158,0,0,41,1230
1790397077.756,4158,0,0,41,1230
1790397077.856,4158,0,0,42,1230
1790397077.956,4158,0,0,41,1230
1790397078.057,4158,0,0,41,1230
1790397078.157,4158,0,0,41,1230
1790397078.257,4158,0,0,41,1230
1790397078.357,4158,0,0,41,1230
1790397078.457,4158,0,0,41,1230
1790397078.557,4158,0,0,41,1230
1790397078.658,4158,0,0,41,1230
1790397078.758,4158,0,0,41,1230
1790397078.858,4158,0,0,41,1230
1790397078.958,4158,0,0,41,1230
1790397079.058,4158,0,0,41,1230
1790397079.158,4158,0,0,41,1230
1790397079.259,4158,0,0,41,1230
1790397079.359,4158,0,0,41,1230
1790397079.459,4158,0,0,41,1230
1790397079.559,4158,0,0,42,1230
1790397079.659,4158,0,0,41,1230
1790397079.759,4158,0,0,41,1230
1790397079.859,4158,0,0,41,1230
1790397079.959,4158,0,0,41,1230
1790397080.060,4158,0,0,41,1230
1790397080.160,4158,0,0,41,1230
1790397080.260,4158,0,0,41,1230
1790397080.360,4158,0,0,41,1230
1790397080.460,4158,0,0,41,1230
1790397080.560,4158,0,0,41,1230
1790397080.661,4158,0,0,41,1230
1790397080.761,4158,0,0,41,1230
1790397080.861,4158,0,0,41,1230
1790397080.961,4158,0,0,41,1230
1790397081.061,4158,0,0,41,1230
1790397081.161,4158,0,0,41,1230
1790397081.261,4158,0,0,41,1230
1790397081.362,4158,0,0,41,1230
1790397081.462,4158,0,0,41,1230
1790397081.562,4158,0,0,42,1230
1790397081.662,4158,0,0,41,1230
1790397081.762,4158,0,0,41,1230
1790397081.862,4158,0,0,41,1230
1790397081.963,4158,0,0,41,1230
1790397082.063,4158,0,0,41,1230
1790397082.163,4158,0,0,41,1230
1790397082.263,4158,0,0,41,1230
1790397082.363,4158,0,0,41,1230
1790397082.463,4158,0,0,41,1230
1790397082.563,4158,0,0,41,1230
1790397082.664,4158,0,0,41,1230
1790397082.764,4158,0,0,41,1230
1790397082.864,4158,0,0,41,1230
1790397082.964,4158,0,0,41,1230
1790397083.064,4158,0,0,41,1230
1790397083.164,4158,0,0,41,1230
1790397083.264,4158,0,0,41,1230
1790397083.365,4158,0,0,41,1230
1790397083.465,4158,0,0,41,1230
1790397083.565,4158,0,0,42,1230
1790397083.665,4158,0,0,41,1230
1790397083.765,4158,0,0,41,1230
1790397083.865,4158,0,0,41,1230
1790397083.966,4158,0,0,41,1230
1790397084.066,4158,0,0,41,1230
1790397084.166,4158,0,0,41,1230
1790397084.266,4158,0,0,41,1230
1790397084.366,4158,0,0,41,1230
1790397084.466,4158,0,0,41,1230
1790397084.566,4158,0,0,41,1230
1790397084.667,4158,0,0,41,1230
1790397084.767,4158,0,0,41,1230
1790397084.867,4158,0,0,41,1230
1790397084.967,4158,0,0,41,1230
1790397085.067,4158,0,0,41,1230
1790397085.167,4158,0,0,41,1230
1790397085.268,4158,0,0,41,1230
1790397085.368,4158,0,0,41,1230
1790397085.468,4158,0,0,42,1230
1790397085.568,4158,0,0,42,1230
1790397085.668,4158,0,0,41,1230
1790397085.768,4158,0,0,42,1230
1790397085.868,4158,0,0,41,1230
1790397085.969,4158,0,0,41,1230
1790397086.069,4158,0,0,41,1230
1790397086.169,4158,0,0,41,1230
1790397086.269,4158,0,0,41,1230
1790397086.369,4158,0,0,41,1230
1790397086.469,4158,0,0,41,1230
1790397086.570,4158,0,0,42,1230
1790397086.670,4158,0,0,41,1230
1790397086.770,4158,0,0,42,1230
1790397086.870,4158,0,0,42,1230
1790397086.970,4158,0,0,41,1230
1790397087.070,4158,0,0,41,1230
1790397087.170,4158,0,0,41,1230
1790397087.271,4158,0,0,41,1230
1790397087.371,4158,0,0,41,1230
1790397087.471,4158,0,0,41,1230
1790397087.571,4158,0,0,41,1230
1790397087.671,4158,0,0,41,1230
1790397087.771,4158,0,0,41,1230
1790397087.871,4158,0,0,41,1230
1790397087.972,4158,0,0,41,1230
1790397088.072,4158,0,0,41,1230
1790397088.172,4158,0,0,41,1230
1790397088.272,4158,0,0,41,1230
1790397088.372,4158,0,0,41,1230
1790397088.472,4158,0,0,41,1230
1790397088.573,4158,0,0,41,1230
1790397088.673,4158,0,0,41,1230
1790397088.773,4158,0,0,41,1230
1790397088.873,4158,0,0,41,1230
1790397088.973,4158,0,0,41,1230
1790397089.073,4158,0,0,41,1230
1790397089.174,4158,0,0,41,1230
1790397089.274,4158,0,0,42,1230
1790397089.374,4158,0,0,41,1230
1790397089.474,4158,0,0,41,1230
1790397089.574,4158,0,0,41,1230
1790397089.674,4158,0,0,42,1230
1790397089.775,4158,0,0,41,1230
1790397089.875,4158,0,0,41,1230
1790397089.975,4158,0,0,41,1230
1790397090.075,4158,0,0,41,1230
1790397090.175,4158,0,0,41,1230
1790397090.275,4158,0,0,41,1230
1790397090.375,4158,0,0,41,1230
1790397090.475,4158,0,0,41,1230
1790397090.576,4158,0,0,41,1230
1790397090.676,4158,0,0,41,1230
1790397090.776,4158,0,0,41,1230
1790397090.876,4158,0,0,41,1230
1790397090.976,4158,0,0,41,1230
1790397091.076,4158,0,0,41,1230
1790397091.177,4158,0,0,41,1230
1790397091.277,4158,0,0,41,1230
1790397091.377,4158,0,0,41,1230
1790397091.477,4158,0,0,42,1230
1790397091.577,4158,0,0,41,1230
1790397091.677,4158,0,0,41,1230
1790397091.777,4158,0,0,41,1230
1790397091.878,4158,0,0,41,1230
1790397091.978,4158,0,0,41,1230
1790397092.078,4158,0,0,41,1230
1790397092.178,4158,0,0,41,1230
1790397092.278,4158,0,0,41,1230
1790397092.378,4158,0,0,41,1230
1790397092.479,4158,0,0,41,1230
1790397092.579,4158,0,0,41,1230
1790397092.679,4158,0,0,41,1230
1790397092.779,4158,0,0,41,1230
1790397092.879,4158,0,0,41,1230
1790397092.979,4158,0,0,41,1230
1790397093.080,4158,0,0,41,1230
1790397093.180,4158,0,0,41,1230
1790397093.280,4158,0,0,41,1230
1790397093.380,4158,0,0,41,1230
1790397093.480,4158,0,0,41,1230
1790397093.580,4158,0,0,41,1230
1790397093.680,4158,0,0,42,1230
1790397093.781,4158,0,0,41,1230
1790397093.881,4158,0,0,41,1230
1790397093.981,4158,0,0,41,1230
1790397094.081,4158,0,0,41,1230
1790397094.181,4158,0,0,41,1230
1790397094.282,4158,0,0,41,1230
1790397094.382,4158,0,0,41,1230
1790397094.482,4158,0,0,41,1230
1790397094.582,4158,0,0,41,1230
1790397094.682,4158,0,0,41,1230
1790397094.783,4158,0,0,41,1230
1790397094.883,4158,0,0,42,1230
1790397094.983,4158,0,0,41,1230
1790397095.083,4158,0,0,42,1230
1790397095.183,4158,0,0,42,1230
1790397095.283,4158,0,0,41,1230
1790397095.383,4158,0,0,41,1230
1790397095.483,4158,0,0,41,1230
1790397095.584,4158,0,0,41,1230
1790397095.684,4158,0,0,41,1230
1790397095.784,4158,0,0,41,1230
1790397095.884,4158,0,0,41,1230
1790397095.984,4158,0,0,41,1230
1790397096.084,4158,0,0,41,1230
1790397096.185,4158,0,0,41,1230
1790397096.285,4158,0,0,41,1230
1790397096.385,4158,0,0,41,1230
1790397096.485,4158,0,0,41,1230
1790397096.585,4158,0,0,42,1230
1790397096.685,4158,0,0,41,1230
1790397096.785,4158,0,0,41,1230
1790397096.886,4158,0,0,42,1230
1790397096.986,4158,0,0,41,1230
1790397097.086,4158,0,0,41,1230
1790397097.186,4158,0,0,41,1230
1790397097.286,4158,0,0,41,1230
1790397097.387,4158,0,0,41,1230
1790397097.487,4158,0,0,41,1230
1790397097.587,4158,0,0,41,1230
1790397097.687,4158,0,0,41,1230
1790397097.787,4158,0,0,41,1230
1790397097.887,4158,0,0,41,1230
1790397097.988,4158,0,0,41,1230
1790397098.088,4158,0,0,41,1230
1790397098.188,4158,0,0,41,1230
1790397098.288,4158,0,0,41,1230
1790397098.388,4158,0,0,42,1230
1790397098.488,4158,0,0,41,1230
1790397098.588,4158,0,0,41,1230
1790397098.688,4158,0,0,41,1230
1790397098.789,4158,0,0,41,1230
1790397098.889,4158,0,0,42,1230
1790397098.989,4158,0,0,41,1230
1790397099.089,4158,0,0,41,1230
1790397099.190,4158,0,0,41,1230
1790397099.290,4158,0,0,41,1230
1790397099.390,4158,0,0,41,1230
1790397099.490,4158,0,0,41,1230
1790397099.590,4158,0,0,41,1230
1790397099.691,4158,0,0,41,1230
1790397099.791,4158,0,0,41,1230
1790397099.891,4158,0,0,41,1230
1790397099.991,4158,0,0,42,1230
1790397100.091,4158,0,0,42,1230
1790397100.191,4158,0,0,42,1230
1790397100.291,4158,0,0,41,1230
1790397100.391,4158,0,0,41,1230
1790397100.492,4158,0,0,41,1230
1790397100.592,4158,0,0,42,1230
1790397100.692,4158,0,0,41,1230
1790397100.792,4158,0,0,41,1230
1790397100.892,4158,0,0,41,1230
1790397100.993,4158,0,0,41,1230
1790397101.093,4158,0,0,41,1230
1790397101.193,4158,0,0,42,1230
1790397101.293,4158,0,0,42,1230
1790397101.393,4158,0,0,41,1230
1790397101.493,4158,0,0,41,1230
1790397101.594,4158,0,0,41,1230
1790397101.694,4158,0,0,42,1230
1790397101.794,4158,0,0,42,1230
1790397101.894,4158,0,0,41,1230
1790397101.994,4158,0,0,41,1230
1790397102.094,4158,0,0,41,1230
1790397102.195,4158,0,0,41,1230
1790397102.295,4158,0,0,41,1230
1790397102.395,4158,0,0,41,1230
1790397102.495,4158,0,0,41,1230
1790397102.595,4158,0,0,41,1230
1790397102.695,4158,0,0,42,1230
1790397102.795,4158,0,0,42,1230
1790397102.895,4158,0,0,41,1230
1790397102.996,4158,0,0,42,1230
1790397103.096,4158,0,0,42,1230
1790397103.196,4158,0,0,42,1230
1790397103.296,4158,0,0,41,1230
1790397103.396,4158,0,0,42,1230
1790397103.496,4158,0,0,41,1230
1790397103.597,4158,0,0,42,1230
1790397103.697,4158,0,0,41,1230
1790397103.797,4158,0,0,41,1230
1790397103.897,4158,0,0,41,1230
1790397103.998,4158,0,0,41,1230
1790397104.098,4158,0,0,41,1230
1790397104.198,4158,0,0,42,1230
1790397104.299,4158,0,0,41,1230
1790397104.399,4158,0,0,42,1230
1790397104.499,4158,0,0,41,1230
1790397104.599,4158,0,0,41,1230
1790397104.699,4158,0,0,41,1230
1790397104.799,4158,0,0,41,1230
1790397104.899,4158,0,0,41,1230
1790397104.999,4158,0,0,41,1230
1790397105.099,4158,0,0,41,1230
1790397105.200,4158,0,0,42,1230
1790397105.300,4158,0,0,41,1230
1790397105.400,4158,0,0,41,1230
1790397105.500,4158,0,0,41,1230
1790397105.600,4158,0,0,41,1230
1790397105.700,4158,0,0,42,1230
1790397105.800,4158,0,0,41,1230
1790397105.900,4158,0,0,41,1230
1790397106.000,4158,0,0,41,1230
1790397106.100,4158,0,0,41,1230
1790397106.201,4158,0,0,41,1230
1790397106.301,4158,0,0,41,1230
1790397106.401,4158,0,0,41,1230
1790397106.501,4158,0,0,41,1230
1790397106.601,4158,0,0,41,1230
1790397106.701,4158,0,0,41,1230
1790397106.801,4158,0,0,41,1230
1790397106.901,4158,0,0,41,1230
1790397107.002,4158,0,0,41,1230
1790397107.102,4158,0,0,41,1230
1790397107.202,4158,0,0,41,1230
1790397107.302,4158,0,0,41,1230
1790397107.402,4158,0,0,41,1230
1790397107.502,4158,0,0,41,1230
1790397107.602,4158,0,0,41,1230
1790397107.703,4158,0,0,41,1230
1790397107.803,4158,0,0,41,1230
1790397107.903,4158,0,0,41,1230
1790397108.003,4158,0,0,41,1230
1790397108.103,4158,0,0,41,1230
1790397108.204,4158,0,0,41,1230
1790397108.304,4158,0,0,41,1230
1790397108.404,4158,0,0,41,1230
1790397108.504,4158,0,0,41,1230
1790397108.604,4270,0,0,42,1230
1790397108.704,4946,7,0,41,1230
1790397108.804,4946,0,0,41,1230
1790397108.905,4946,0,0,41,1230
1790397109.005,4946,0,0,41,1230
1790397109.105,4946,0,0,41,1230
1790397109.205,4946,0,0,41,1230
1790397109.305,4946,0,0,41,1230
1790397109.405,4946,0,0,41,1230
1790397109.506,4946,0,0,42,1230
1790397109.606,4946,0,0,41,1230
1790397109.706,4946,4,0,41,1230
1790397109.806,4946,0,0,41,1230
1790397109.906,4946,0,0,41,1230
1790397110.006,4946,0,0,41,1230
1790397110.107,4946,0,0,41,1230
1790397110.207,4946,4,0,41,1230
1790397110.307,4946,0,0,41,1230
1790397110.407,4946,0,0,41,1230
1790397110.507,4946,0,0,41,1230
1790397110.607,4946,0,0,42,1230
1790397110.708,4946,4,0,41,1230
1790397110.808,4946,0,0,41,1230
1790397110.908,4946,0,0,41,1230
1790397111.008,4946,0,0,41,1230
1790397111.108,4946,0,0,42,1230
1790397111.208,4946,4,0,41,1230
1790397111.309,4946,0,0,41,1230
1790397111.409,4946,0,0,42,1230
1790397111.509,4946,0,0,41,1230
1790397111.609,4946,0,0,41,1230
1790397111.709,4946,0,0,41,1230
1790397111.809,4946,4,0,41,1230
1790397111.909,4946,4,0,41,1230
1790397112.010,4946,0,0,41,1230
1790397112.110,4946,0,0,41,1230
1790397112.210,4946,0,0,41,1230
1790397112.310,4946,0,0,41,1230
1790397112.410,4946,0,0,41,1230
1790397112.510,4946,4,0,41,1230
1790397112.611,4946,4,0,41,1230
1790397112.711,4946,0,0,41,1230
1790397112.811,4946,0,0,41,1230
1790397112.911,4946,0,0,42,1230
1790397113.011,4946,4,0,41,1230
1790397113.111,4946,4,0,41,1230
1790397113.212,4946,0,0,41,1230
1790397113.312,4946,0,0,41,1230
1790397113.412,4946,0,0,41,1230
1790397113.512,4946,1,0,41,1230
1790397113.612,4946,1,0,41,1230
1790397113.712,4946,3,0,41,1230
1790397113.812,4946,0,0,41,1230
1790397113.913,4946,0,0,41,1230
1790397114.013,4946,0,0,42,1230
1790397114.113,4946,0,0,41,1230
1790397114.213,4946,4,0,41,1230
1790397114.313,4946,0,0,41,1230
1790397114.413,4946,0,0,41,1230
1790397114.514,4946,0,0,41,1230
1790397114.614,4946,0,0,42,1230
1790397114.714,4946,4,0,41,1230
1790397114.814,4946,0,0,41,1230
1790397114.914,4946,0,0,41,1230
1790397115.014,4946,0,0,41,1230
1790397115.115,18208,0,0,52,1230
1790397115.215,18208,38,13,44,1230
1790397115.315,18208,95,5,46,1357
1790397115.415,18208,95,5,48,1357
1790397115.515,18208,96,4,49,1380
1790397115.615,18208,96,4,50,1380
1790397115.715,18208,96,4,50,1380
1790397115.815,18208,96,4,50,1380
1790397115.916,18208,96,4,50,1380
1790397116.016,18208,95,4,50,1380
1790397116.116,18208,95,4,50,1380
1790397116.216,18208,96,4,50,1380
1790397116.316,18208,95,4,50,1380
1790397116.416,18208,95,4,50,1380
1790397116.516,18208,96,4,48,1380
1790397116.617,18626,96,4,49,1380
1790397116.717,18712,32,1,48,1380
1790397116.817,18712,3,0,48,1380
1790397116.917,18712,3,0,102,1380
1790397117.017,18712,60,17,105,1380
1790397117.117,18712,60,17,92,1380
1790397117.217,18712,100,25,89,1380
1790397117.318,18712,100,25,94,1380
1790397117.418,18712,100,24,96,1380
1790397117.518,18712,100,25,98,1380
1790397117.618,18712,100,25,102,1380
1790397117.718,18712,100,24,104,1380
1790397117.818,18712,100,28,101,1380
1790397117.918,18712,100,28,82,1380
1790397118.018,18712,92,17,50,1380
1790397118.118,18822,92,17,68,1380
1790397118.219,18850,81,8,88,1380
1790397118.319,18872,81,8,71,1380
1790397118.419,18896,63,11,85,1380
1790397118.519,18896,89,14,103,1380
1790397118.620,18896,89,14,121,1380
1790397118.720,18896,100,15,100,1380
1790397118.820,18896,100,15,134,1380
1790397118.920,18896,100,21,112,1380
1790397119.020,18896,100,20,115,1380
1790397119.120,18896,100,20,125,1380
1790397119.221,18896,100,21,128,1380
1790397119.321,18896,100,21,134,1380
1790397119.421,18896,100,21,124,1380
1790397119.521,18896,100,20,125,1380
1790397119.621,18896,100,20,128,1380
1790397119.721,18896,100,23,136,1380
1790397119.821,18896,100,23,137,1380
1790397119.922,18896,100,21,134,1380
1790397120.022,18896,100,22,144,1380
1790397120.122,18896,100,22,146,1380
1790397120.222,18896,100,21,126,1380
1790397120.322,18896,100,21,113,1380
1790397120.422,18896,100,22,129,1380
1790397120.522,18896,99,22,116,1380
1790397120.623,18896,99,22,128,1380
1790397120.723,18896,100,19,126,1380
1790397120.823,18896,100,19,117,1380
1790397120.923,18896,100,20,146,1380
1790397121.023,18896,100,20,117,1380
1790397121.123,18896,100,20,129,1380
1790397121.223,18896,100,21,126,1380
1790397121.324,18896,100,21,138,1380
1790397121.424,18896,100,24,124,1380
1790397121.524,18896,100,25,107,1380
1790397121.624,18896,100,25,105,1380
1790397121.724,18896,100,19,133,1380
1790397121.824,18896,100,19,120,1380
1790397121.924,18896,100,24,134,1380
1790397122.025,18896,100,25,135,1380
1790397122.125,18896,100,25,144,1380
1790397122.225,18896,100,24,139,1380
1790397122.325,18896,100,24,129,1380
1790397122.425,18896,100,23,130,1380
1790397122.525,18896,100,23,101,1380
1790397122.626,18896,100,23,115,1380
1790397122.726,18896,100,14,87,1380
1790397122.826,18896,100,14,81,1380
1790397122.926,18896,100,12,79,1380
1790397123.026,18896,100,21,115,1380
1790397123.126,18896,100,21,107,1380
1790397123.226,18896,100,25,85,1380
1790397123.327,18896,100,25,116,1380
1790397123.427,3376,99,29,57,1380
1790397123.527,2418,90,18,53,1380
1790397124.363,2412,0,0,49,1380
1790397124.463,2412,0,0,49,1380
1790397124.564,2412,0,0,49,1380
1790397124.664,2412,0,0,49,1380
1790397124.764,2412,0,0,49,1380
1790397124.864,2412,0,0,49,1380
1790397124.964,2412,0,0,49,1380
1790397125.064,2412,0,0,49,1380
1790397125.164,2412,0,0,49,1380
1790397125.264,2412,0,0,49,1380
1790397125.364,2412,0,0,49,1380
1790397125.465,2412,0,0,49,1380
1790397125.565,2412,0,0,49,1380
1790397125.665,2412,0,0,49,1380
1790397125.765,2412,0,0,49,1380
1790397125.865,2412,0,0,49,1380
1790397125.965,2412,0,0,49,1380
1790397126.065,2412,0,0,49,1380
1790397126.165,2412,0,0,49,1380
1790397126.265,2412,0,0,49,1380
1790397126.365,2412,0,0,49,1380
1790397126.466,2412,0,0,49,1380
1790397126.566,2412,0,0,41,1230
1790397126.666,2412,0,0,42,1230
1790397126.766,2412,0,0,42,1230
1790397126.866,2412,0,0,42,1230
1790397126.966,2412,0,0,42,1230
1790397127.066,2412,0,0,42,1230
1790397127.166,2412,0,0,42,1230
1790397127.266,2412,0,0,42,1230
1790397127.366,2412,0,0,42,1230
1790397127.467,2412,0,0,42,1230
1790397127.567,2412,0,0,42,1230
1790397127.667,2412,0,0,42,1230
1790397127.767,2412,0,0,42,1230
1790397127.867,2412,0,0,42,1230
1790397127.967,2412,0,0,42,1230
1790397128.067,2412,0,0,42,1230
1790397128.167,2412,0,0,42,1230
1790397128.267,2412,0,0,42,1230
1790397128.367,2412,0,0,42,1230
1790397128.468,456,0,0,42,1230
